country_id, gap_expectancies
0, 3.0
1, 3.3999999999999915
2, 2.3999999999999915
3, 5.600000000000001
4, 6.799999999999997
5, 7.200000000000003
6, 4.800000000000011
7, 4.0
8, 4.8999999999999915
9, 5.0
10, 4.400000000000006
11, 2.0
12, 3.5999999999999943
13, 2.8000000000000114
14, 10.0
15, 4.700000000000003
16, 6.199999999999989
17, 3.0
18, 7.599999999999994
19, 0.5999999999999943
20, 5.700000000000003
21, 5.0
22, 5.900000000000006
23, 7.3999999999999915
24, 7.200000000000003
25, 3.5999999999999943
26, 4.299999999999997
27, 2.5
28, 4.0
29, 7.5
30, 4.399999999999999
31, 2.8000000000000043
32, 4.8999999999999915
33, 4.5
34, 5.599999999999994
35, 3.5
36, 2.8999999999999915
37, 3.0
38, 5.299999999999997
39, 2.5
40, 6.400000000000006
41, 4.0
42, 3.5
43, 4.200000000000003
44, 5.299999999999997
45, 4.0
46, 4.1000000000000085
47, 4.400000000000006
48, 6.3999999999999915
49, 5.599999999999994
50, 4.599999999999994
51, 9.400000000000006
52, 2.1000000000000014
53, 4.399999999999999
54, 8.5
55, 3.8000000000000114
56, 6.200000000000003
57, 3.5
58, 5.700000000000003
59, 6.0
60, 4.299999999999997
61, 4.200000000000003
62, 2.799999999999997
63, 8.800000000000011
64, 4.8999999999999915
65, 2.1000000000000014
66, 5.0
67, 4.5
68, 4.900000000000006
69, 6.0
70, 6.799999999999997
71, 5.799999999999997
72, 1.2000000000000028
73, 6.200000000000003
74, 4.300000000000004
75, 4.599999999999994
76, 5.700000000000003
77, 7.099999999999994
78, 3.0999999999999943
79, 2.4000000000000057
80, 4.299999999999997
81, 2.299999999999997
82, 4.1000000000000085
83, 3.299999999999997
84, 3.299999999999997
85, 4.400000000000006
86, 3.1000000000000085
87, 6.200000000000003
88, 3.3999999999999915
89, 4.700000000000003
90, 7.1000000000000085
91, 9.899999999999991
92, 3.799999999999997
93, 6.399999999999999
94, 2.799999999999997
95, 5.799999999999997
96, 11.099999999999994
97, 4.400000000000006
98, 5.900000000000006
99, 5.0
